[
    {
        "path": "M32.29,98.203C32.241,98.407 31.987,99.353 31.882,100.617C31.667,103.193 31.546,107.086 31.379,108.693C31.131,111.088 30.242,117.32 29.972,119.265C29.701,121.209 29.355,126.238 28.481,129.919C27.608,133.6 28.744,134.349 29.23,140.064C29.715,145.779 29.087,149.692 28.356,152.851C27.626,156.011 26.618,159.979 26.415,162.248C26.212,164.515 25.286,170.933 25.286,172.579C25.286,174.226 25.48,174.033 25.868,176.261C25.965,176.818 25.767,178.608 25.852,179.145C26.107,180.754 24.283,184.348 23.705,184.678C23.126,185.009 22.59,185.009 20.649,185.009C18.708,185.009 15.363,180.053 17.015,179.805C18.666,179.558 18.704,179.721 18.997,179.227C19.289,178.733 19.268,174.517 19.365,172.386C19.462,170.255 19.308,164.986 18.626,160.65C17.854,155.747 16.895,152.51 16.55,149.716C15.9,144.451 15.871,140.657 16.176,137.602C16.482,134.547 16.825,134.254 17.023,132.234C17.31,129.328 17.023,126.615 17.023,126.615C17.023,125.886 15.942,122.953 15.399,119.017C14.579,113.064 14.323,102.581 14.82,95.23C15.316,87.879 16.745,84.717 17.23,81.714C17.715,78.711 17.521,75.32 17.812,72.511C18.103,69.702 18.701,65.633 18.41,63.211C18.151,61.057 16.438,54.981 16.062,53.686C16.015,53.525 15.73,53.355 15.73,53.851C15.73,54.346 15.73,53.973 15.729,54.034C15.664,62.373 13.751,66.117 13.751,66.117C13.501,67.365 13.654,72.898 12.004,78.226C10.354,83.554 6.643,88.918 5.643,91.724C4.644,94.531 7.206,96.088 7.206,96.088C8.351,96.908 9.075,97.783 9.35,98.841C9.665,100.05 9.821,101.962 9.747,102.5C9.604,103.539 8.322,103.121 8.228,102.311C8.127,101.444 8.102,101.039 7.534,100.472C6.966,99.905 4.987,99.316 4.206,101.676C3.233,104.619 4.964,108.157 4.558,109.534C4.153,110.911 3.441,110.368 3.197,109.963C2.954,109.558 0.824,106.188 0.826,103.001C0.832,99.153 1.544,96.651 1.507,93.338C1.47,90.026 0.261,82.132 1.507,74.642C2.025,71.522 4.265,65.453 4.725,63.211C5.155,61.114 3.639,57.186 5.792,51.005C7.091,47.279 6.705,45.481 6.651,43.159C6.597,40.836 6.883,36.298 10.824,33.63C14.764,30.962 16.744,31.522 20.627,30.551C24.509,29.579 26.547,27.034 27.032,26.645C27.518,26.257 28.361,21.936 27.488,21.061C26.01,19.582 25.785,16.059 25.753,15.33C25.666,15.28 24.749,15.106 24.341,14.536C23.927,13.958 23.596,11.233 23.679,10.655C23.762,10.076 25.101,10.159 25.101,10.159L25.004,8.585C25.004,4.518 27.923,0.826 31.998,0.826L33.252,0.826C37.326,0.826 40.245,4.518 40.245,8.585L40.148,10.159C40.148,10.159 41.488,10.076 41.57,10.655C41.653,11.233 41.322,13.958 40.908,14.536C40.5,15.106 39.583,15.28 39.496,15.33C39.465,16.059 39.24,19.582 37.762,21.061C36.888,21.936 37.732,26.257 38.217,26.645C38.702,27.034 40.74,29.579 44.623,30.551C48.505,31.522 50.485,30.962 54.425,33.63C58.366,36.298 58.653,40.836 58.599,43.159C58.544,45.481 58.159,47.279 59.457,51.005C61.611,57.186 60.094,61.114 60.525,63.211C60.985,65.453 63.224,71.522 63.743,74.642C64.988,82.132 63.78,90.026 63.743,93.338C63.706,96.651 64.417,99.153 64.423,103.001C64.426,106.188 62.296,109.558 62.052,109.963C61.808,110.368 61.097,110.911 60.691,109.534C60.285,108.157 62.017,104.619 61.043,101.676C60.262,99.316 58.283,99.905 57.715,100.472C57.147,101.039 57.122,101.444 57.021,102.311C56.927,103.121 55.646,103.539 55.502,102.5C55.428,101.962 55.584,100.05 55.9,98.841C56.175,97.783 56.899,96.908 58.044,96.088C58.044,96.088 60.605,94.531 59.606,91.724C58.606,88.918 54.895,83.554 53.245,78.226C51.595,72.898 51.749,67.365 51.498,66.117C51.498,66.117 49.585,62.373 49.52,54.034C49.52,53.973 49.519,54.346 49.519,53.851C49.519,53.355 49.234,53.525 49.188,53.686C48.812,54.981 47.099,61.057 46.84,63.211C46.549,65.633 47.146,69.702 47.437,72.511C47.728,75.32 47.534,78.711 48.019,81.714C48.505,84.717 49.933,87.879 50.43,95.23C50.927,102.581 50.67,113.064 49.85,119.017C49.308,122.953 48.226,125.886 48.226,126.615C48.226,126.615 47.939,129.328 48.226,132.234C48.424,134.254 48.767,134.547 49.073,137.602C49.379,140.657 49.349,144.451 48.699,149.716C48.355,152.51 47.396,155.747 46.623,160.65C45.941,164.986 45.787,170.255 45.884,172.386C45.981,174.517 46.041,176.885 46.335,179.227C46.418,179.888 47.326,179.227 48.4,179.888C49.474,180.549 46.542,185.009 44.601,185.009C43.61,185.009 42.784,185.091 41.958,184.844C41.132,184.596 40.554,183.192 40.141,182.283C39.728,181.375 39.126,179.904 39.381,178.295C39.466,177.758 39.284,176.818 39.381,176.261C39.77,174.033 39.964,174.226 39.964,172.579C39.964,170.933 39.037,164.515 38.834,162.248C38.632,159.979 37.624,156.011 36.893,152.851C36.163,149.692 35.534,145.779 36.02,140.064C36.505,134.349 37.642,133.6 36.768,129.919C35.895,126.238 35.548,121.209 35.278,119.265C35.007,117.32 34.119,111.088 33.87,108.693C33.704,107.086 33.583,103.193 33.368,100.617C33.262,99.353 33.008,98.407 32.959,98.203C32.794,98.203 32.455,98.203 32.29,98.203Z"
    },
    {
        "path": "M31.468,52.86C30.309,52.463 29.497,51.089 28.764,50.046C27.952,48.89 26.316,45.652 26.167,43.197C25.842,37.834 21.125,34.912 20.235,34.524C19.217,34.081 18.583,33.202 19.431,32.883C20.278,32.563 24.023,32.306 27.669,28.66C29.238,27.091 29.403,24.448 29.403,22.796C29.403,21.805 30.725,22.135 30.725,22.713C30.725,23.291 30.725,24.448 30.725,27.091C30.725,28.908 31.633,29.238 31.633,30.312C31.633,33.331 31.709,40.868 31.849,52.542C31.851,52.681 31.593,52.902 31.468,52.86Z"
    },
    {
        "path": "M14.989,44.705C19.661,46.994 23.431,47.105 24.502,47.242C25.363,47.353 25.874,47.573 26.035,47.904C29.32,52.898 31.232,55.797 31.77,56.602C32.577,57.808 32.319,60.317 29.746,64.394C27.173,68.47 24.861,71.774 24.2,72.682C23.539,73.591 22.832,73.47 22.796,72.93C22.562,69.435 21.204,63.354 20.235,60.458C17.437,52.089 14.41,49.649 14.014,45.257C13.931,44.338 14.755,44.59 14.989,44.705Z"
    },
    {
        "path": "M18.969,35.123C23.271,37.618 24.766,40.471 25.235,45.124C25.257,45.34 25.235,45.867 24.817,45.894C23.113,46.002 16.677,45.415 14.872,43.057C14.806,42.971 14.829,42.568 14.916,42.477C17.282,40 18.085,36.033 18.246,35.454C18.407,34.876 18.692,34.963 18.969,35.123Z"
    },
    {
        "path": "M17.524,34.454C17.2,35.692 14.986,43.46 9.014,46.672C8.739,46.82 8.339,46.683 8.29,46.364C7.15,39.077 10.242,34.276 16.766,33.12C17.262,33.032 17.849,33.215 17.524,34.454Z"
    },
    {
        "path": "M6.529,56.002C6.288,58.406 6.432,61.502 6.771,63.048C7.11,64.596 8.125,65.681 9.024,65.867C9.922,66.053 11.307,65.24 11.84,64.292C12.373,63.344 12.564,63.297 13.127,61.142C13.69,58.986 14.17,53.328 14.173,52.437C14.179,50.817 13.589,48.56 13.127,47.463C12.865,46.841 12.335,46.358 11.737,46.658C10.794,47.132 9.989,47.546 9.024,48.292C8.141,48.974 7.817,49.867 7.575,50.779C7.334,51.691 6.771,53.598 6.529,56.002Z"
    },
    {
        "path": "M6.71,66.24C7.166,66.36 7.681,66.653 8.332,66.697C8.756,66.726 9.168,67.086 9.168,67.809C9.168,75.408 5.451,85.567 4.212,89.201C2.973,92.835 2.643,89.861 2.478,88.623C2.313,87.384 1.9,81.933 2.808,75.903C3.516,71.209 5.268,67.281 5.439,66.925L5.451,66.901C5.628,66.542 6.107,66.081 6.71,66.24Z"
    },
    {
        "path": "M3.056,91.596C3.634,91.761 3.952,91.32 4.295,91.183C4.534,91.088 4.79,91.348 4.708,91.596C4.453,92.36 4.295,94.239 4.956,95.313C5.738,96.585 7.02,97.377 7.764,98.203C8.507,99.029 8.507,99.194 8.672,99.69C8.837,100.186 8.92,100.846 8.507,100.351C8.094,99.855 7.103,98.864 5.369,99.194C3.634,99.525 3.221,101.094 3.056,102.25C2.891,103.407 3.139,105.554 3.304,106.793C3.362,107.227 3.419,107.61 3.456,107.904C3.524,108.448 3.2,108.198 3.13,108.069C2.669,107.223 1.745,105.409 1.817,102.829C1.9,99.855 2.478,97.377 2.56,96.139C2.643,94.9 2.56,92.917 2.478,92.257C2.395,91.596 2.478,91.431 3.056,91.596Z"
    },
    {
        "path": "M11.315,75.986C10.407,80.611 6.855,87.218 5.121,90.109C4.972,90.357 4.284,90.498 4.377,90.274C5.758,86.97 8.219,80.639 8.837,77.39C9.498,73.921 9.994,70.555 9.994,67.148C9.994,66.824 10.076,66.818 10.902,66.653C11.728,66.488 12.141,66.488 12.224,66.901C12.377,67.667 12.051,72.238 11.315,75.986Z"
    },
    {
        "path": "M31.468,85.897C32.691,87.583 32.002,92.733 31.798,94.321C31.481,96.795 28.825,98.699 25.026,99.442C22.241,99.987 21.655,100.051 20.648,100.186C19.783,100.302 19.409,100.351 18.914,100.351C18.418,100.351 17.592,98.782 17.84,97.13C17.974,96.238 18.183,93.531 18.914,89.944C19.52,86.968 20.274,83.553 20.979,82.098C21.33,81.372 22.135,81.437 23.374,81.767C24.613,82.098 30.245,84.211 31.468,85.897Z"
    },
    {
        "path": "M19.905,101.342C20.566,101.259 22.094,101.012 22.961,101.012C23.787,101.012 23.405,102.288 23.374,103.324C23.323,104.993 23.456,108.115 22.961,112.409C22.465,116.704 21.914,119.55 20.896,121.247C20.153,122.486 18.088,125.707 17.675,124.385C17.264,123.069 16.841,120.929 17.179,120.421C18.171,118.934 18.253,117.035 18.666,112.74C19.107,108.158 18.996,104.825 18.996,102.333C18.996,101.92 19.023,101.452 19.905,101.342Z"
    },
    {
        "path": "M15.94,99.112C16.096,100.585 15.523,111.745 16.436,117.53C16.684,119.099 17.114,118.913 17.262,118.191C17.923,114.97 18.253,105.193 18.253,102.663C18.253,101.673 17.219,100.146 16.932,99.112C16.519,97.625 16.865,96.815 16.684,96.634C16.353,96.304 16.023,96.304 15.94,96.882C15.858,97.458 15.911,98.833 15.94,99.112Z"
    },
    {
        "path": "M29.403,99.029C27.834,99.773 27.338,99.938 25.769,100.516C24.864,100.849 25.003,101.351 25.274,101.837C25.687,102.581 26.645,104.309 27.008,105.967C27.665,108.968 27.384,111.119 27.853,115.141C27.986,116.278 28.791,115.384 29.073,114.474C29.254,113.887 30.147,108.197 30.807,99.36C30.862,98.633 29.978,98.757 29.403,99.029Z"
    },
    {
        "path": "M31.789,64.761C31.789,68.308 32.046,77.053 32.046,83.089C32.046,83.667 31.491,83.879 30.972,83.584C26.182,80.859 24.778,80.859 20.814,80.033C20.615,79.991 20.477,79.423 20.872,78.953C23.353,76.002 29.501,66.888 31.226,64.678C31.548,64.266 31.789,64.348 31.789,64.761Z"
    },
    {
        "path": "M19.162,73.012C19.313,71.317 19.822,67.504 19.48,62.309C19.454,61.912 19.713,61.75 19.822,62.11C21.193,66.638 21.805,73.591 21.805,74.747C21.805,75.903 21.393,76.51 19.327,79.207C19.004,79.628 18.665,79.086 18.666,78.959C18.679,77.574 19.01,74.708 19.162,73.012Z"
    },
    {
        "path": "M18.831,130.663C19.494,130.81 21.97,133.058 21.97,134.297C21.97,135.536 21.562,140.916 21.634,143.577C21.722,146.851 22.18,148.356 21.639,151.146C21.1,153.935 18.498,153.199 18.422,153.021C17.795,151.555 17.502,148.031 17.31,145.6C17.094,142.874 17.09,139.349 17.31,137.786C17.53,136.223 17.77,135.802 18.094,133.81C18.418,131.819 18.088,130.497 18.831,130.663Z"
    },
    {
        "path": "M23.209,133.14C22.648,135.243 22.713,141.482 22.713,144.125C22.713,146.768 22.791,147.787 22.796,149.494C22.8,151.338 22.713,151.839 22.713,153.045C22.713,155.193 25.604,157.423 26.843,153.623C27.375,151.992 29.416,144.545 27.421,136.196C27.178,135.178 26.715,132.981 26.347,131.984C25.809,130.527 23.539,131.901 23.209,133.14Z"
    },
    {
        "path": "M19.905,81.189C20.167,81.284 19.657,82.676 18.666,86.558C17.675,90.44 17.256,93.626 16.849,95.478C16.684,96.229 16.106,95.731 16.106,94.817C16.106,91.348 18.049,83.329 18.418,81.85C18.666,80.859 18.996,80.859 19.905,81.189Z"
    },
    {
        "path": "M20.566,123.642C20.084,124.124 19.575,125.79 18.418,126.368C17.719,126.718 19.575,129.837 21.061,131.323C22.548,132.81 24.2,130.993 23.126,129.754C22.052,128.515 21.557,125.294 21.557,124.22C21.557,123.147 21.048,123.16 20.566,123.642Z"
    },
    {
        "path": "M24.53,178.732C24.769,178.315 25.026,177.988 24.613,176.089C24.2,174.189 24.115,172.648 24.282,170.72C24.613,166.921 25.026,165.352 25.769,158.744C25.834,158.166 25.877,156.986 25.026,156.845C23.539,156.597 22.713,156.184 22.135,155.028C21.947,154.651 21.902,153.615 21.061,154.119C20.648,154.367 19.987,154.52 19.657,154.615C19.079,154.78 18.831,154.945 19.162,155.853C19.492,156.762 21.226,158.662 21.639,160.561C22.015,162.29 22.052,166.838 22.135,169.647C22.218,172.455 22.218,177.741 22.383,178.732C22.548,179.723 24.2,179.31 24.53,178.732Z"
    },
    {
        "path": "M24.282,105.059C24.448,107.041 24.117,113.813 22.961,118.769C22.644,120.129 21.557,125.211 23.869,129.671C24.517,130.921 25.559,130.21 25.356,129.671C23.456,124.633 25.026,121.74 25.604,119.43C26.265,116.787 27.088,116.306 26.76,111.831C26.512,108.445 26.265,105.389 25.108,103.489C24.632,102.707 24.117,103.076 24.282,105.059Z"
    },
    {
        "path": "M28.082,116.539C28.66,116.952 28.99,117.613 28.99,118.604C28.99,119.595 28.234,127.336 27.904,128.74C27.773,129.294 27.585,129.749 27.338,130.084C26.747,130.887 26.396,129.995 26.306,129.788C25.479,127.891 25.19,126.172 25.439,124.633C25.677,123.156 26.843,118.604 27.091,117.365C27.338,116.126 27.834,116.362 28.082,116.539Z"
    },
    {
        "path": "M20.318,159.157C20.813,159.983 21,161.272 21.061,161.965C21.557,167.582 21.474,170.803 21.474,173.941C21.474,177.08 21.639,177.41 21.722,178.484C21.725,178.526 21.856,179.287 22.135,179.806C22.299,180.111 23.502,180.281 24.2,179.971C24.943,179.64 24.699,180.489 24.613,180.797C24.333,181.792 23.539,183.109 23.126,183.44C22.467,183.967 20.732,183.903 20.401,183.77C19.575,183.44 17.592,181.044 18.005,180.797C18.418,180.549 18.752,180.814 19.492,180.631C19.896,180.532 20.153,180.053 20.153,179.723C20.153,178.732 20.566,164.608 20.153,162.626C19.74,160.644 19.244,159.157 19.492,158.827C19.554,158.744 19.907,158.473 20.318,159.157Z"
    },
    {
        "path": "M33.781,52.86C34.94,52.463 35.752,51.089 36.485,50.046C37.296,48.89 38.933,45.652 39.082,43.197C39.406,37.834 44.123,34.912 45.013,34.524C46.031,34.081 46.665,33.202 45.818,32.883C44.97,32.563 41.226,32.306 37.58,28.66C36.011,27.091 35.845,24.448 35.845,22.796C35.845,21.805 34.524,22.135 34.524,22.713C34.524,23.291 34.524,24.448 34.524,27.091C34.524,28.908 33.615,29.238 33.615,30.312C33.615,33.331 33.539,40.868 33.4,52.542C33.398,52.681 33.656,52.902 33.781,52.86Z"
    },
    {
        "path": "M50.26,44.705C45.587,46.994 41.818,47.105 40.747,47.242C39.886,47.353 39.375,47.573 39.214,47.904C35.928,52.898 34.017,55.797 33.479,56.602C32.672,57.808 32.929,60.317 35.502,64.394C38.075,68.47 40.388,71.774 41.049,72.682C41.71,73.591 42.417,73.47 42.453,72.93C42.686,69.435 44.045,63.354 45.013,60.458C47.812,52.089 50.838,49.649 51.235,45.257C51.318,44.338 50.494,44.59 50.26,44.705Z"
    },
    {
        "path": "M46.28,35.123C41.978,37.618 40.483,40.471 40.014,45.124C39.992,45.34 40.014,45.867 40.432,45.894C42.135,46.002 48.571,45.415 50.377,43.057C50.443,42.971 50.42,42.568 50.333,42.477C47.967,40 47.163,36.033 47.003,35.454C46.842,34.876 46.557,34.963 46.28,35.123Z"
    },
    {
        "path": "M47.724,34.454C48.049,35.692 50.263,43.46 56.234,46.672C56.51,46.82 56.909,46.683 56.959,46.364C58.099,39.077 55.007,34.276 48.482,33.12C47.987,33.032 47.4,33.215 47.724,34.454Z"
    },
    {
        "path": "M58.719,56.002C58.961,58.406 58.817,61.502 58.478,63.048C58.139,64.596 57.124,65.681 56.225,65.867C55.326,66.053 53.942,65.24 53.409,64.292C52.876,63.344 52.685,63.297 52.122,61.142C51.558,58.986 51.079,53.328 51.076,52.437C51.069,50.817 51.66,48.56 52.122,47.463C52.383,46.841 52.913,46.358 53.512,46.658C54.455,47.132 55.26,47.546 56.225,48.292C57.108,48.974 57.432,49.867 57.673,50.779C57.915,51.691 58.478,53.598 58.719,56.002Z"
    },
    {
        "path": "M58.539,66.24C58.082,66.36 57.567,66.653 56.917,66.697C56.492,66.726 56.081,67.086 56.081,67.809C56.081,75.408 59.798,85.567 61.036,89.201C62.275,92.835 62.606,89.861 62.771,88.623C62.936,87.384 63.349,81.933 62.44,75.903C61.733,71.209 59.98,67.281 59.809,66.925L59.798,66.901C59.62,66.542 59.142,66.081 58.539,66.24Z"
    },
    {
        "path": "M62.193,91.596C61.615,91.761 61.297,91.32 60.954,91.183C60.715,91.088 60.458,91.348 60.541,91.596C60.796,92.36 60.954,94.239 60.293,95.313C59.51,96.585 58.228,97.377 57.485,98.203C56.742,99.029 56.742,99.194 56.576,99.69C56.411,100.186 56.329,100.846 56.742,100.351C57.155,99.855 58.146,98.864 59.88,99.194C61.615,99.525 62.028,101.094 62.193,102.25C62.358,103.407 62.11,105.554 61.945,106.793C61.887,107.227 61.829,107.61 61.793,107.904C61.725,108.448 62.048,108.198 62.118,108.069C62.58,107.223 63.503,105.409 63.432,102.829C63.349,99.855 62.771,97.377 62.688,96.139C62.606,94.9 62.688,92.917 62.771,92.257C62.853,91.596 62.771,91.431 62.193,91.596Z"
    },
    {
        "path": "M53.933,75.986C54.842,80.611 58.393,87.218 60.128,90.109C60.277,90.357 60.965,90.498 60.871,90.274C59.491,86.97 57.03,80.639 56.411,77.39C55.75,73.921 55.255,70.555 55.255,67.148C55.255,66.824 55.172,66.818 54.346,66.653C53.52,66.488 53.107,66.488 53.025,66.901C52.872,67.667 53.197,72.238 53.933,75.986Z"
    },
    {
        "path": "M33.781,85.897C32.558,87.583 33.247,92.733 33.45,94.321C33.767,96.795 36.424,98.699 40.223,99.442C43.008,99.987 43.594,100.051 44.6,100.186C45.466,100.302 45.839,100.351 46.335,100.351C46.83,100.351 47.656,98.782 47.409,97.13C47.275,96.238 47.066,93.531 46.335,89.944C45.729,86.968 44.975,83.553 44.27,82.098C43.919,81.372 43.114,81.437 41.875,81.767C40.636,82.098 35.004,84.211 33.781,85.897Z"
    },
    {
        "path": "M45.344,101.342C44.683,101.259 43.155,101.012 42.288,101.012C41.462,101.012 41.843,102.288 41.875,103.324C41.926,104.993 41.792,108.115 42.288,112.409C42.783,116.704 43.335,119.55 44.353,121.247C45.096,122.486 47.161,125.707 47.574,124.385C47.985,123.069 48.408,120.929 48.069,120.421C47.078,118.934 46.996,117.035 46.583,112.74C46.142,108.158 46.252,104.825 46.252,102.333C46.252,101.92 46.225,101.452 45.344,101.342Z"
    },
    {
        "path": "M49.308,99.112C49.153,100.585 49.726,111.745 48.813,117.53C48.565,119.099 48.135,118.913 47.987,118.191C47.326,114.97 46.996,105.193 46.996,102.663C46.996,101.673 48.03,100.146 48.317,99.112C48.73,97.625 48.383,96.815 48.565,96.634C48.895,96.304 49.226,96.304 49.308,96.882C49.39,97.458 49.338,98.833 49.308,99.112Z"
    },
    {
        "path": "M35.845,99.029C37.415,99.773 37.91,99.938 39.48,100.516C40.385,100.849 40.245,101.351 39.975,101.837C39.562,102.581 38.604,104.309 38.241,105.967C37.584,108.968 37.865,111.119 37.396,115.141C37.263,116.278 36.457,115.384 36.176,114.474C35.994,113.887 35.102,108.197 34.441,99.36C34.387,98.633 35.271,98.757 35.845,99.029Z"
    },
    {
        "path": "M33.459,64.761C33.459,68.308 33.202,77.053 33.202,83.089C33.202,83.667 33.758,83.879 34.276,83.584C39.067,80.859 40.471,80.859 44.435,80.033C44.634,79.991 44.772,79.423 44.377,78.953C41.895,76.002 35.747,66.888 34.023,64.678C33.701,64.266 33.459,64.348 33.459,64.761Z"
    },
    {
        "path": "M46.087,73.012C45.936,71.317 45.426,67.504 45.768,62.309C45.794,61.912 45.535,61.75 45.426,62.11C44.055,66.638 43.444,73.591 43.444,74.747C43.444,75.903 43.856,76.51 45.922,79.207C46.244,79.628 46.584,79.086 46.583,78.959C46.57,77.574 46.238,74.708 46.087,73.012Z"
    },
    {
        "path": "M46.417,130.663C45.755,130.81 43.279,133.058 43.279,134.297C43.279,135.536 43.687,140.916 43.615,143.577C43.527,146.851 43.069,148.356 43.609,151.146C44.149,153.935 46.75,153.199 46.826,153.021C47.454,151.555 47.746,148.031 47.939,145.6C48.155,142.874 48.159,139.349 47.939,137.786C47.718,136.223 47.479,135.802 47.155,133.81C46.83,131.819 47.161,130.497 46.417,130.663Z"
    },
    {
        "path": "M42.04,133.14C42.601,135.243 42.536,141.482 42.536,144.125C42.536,146.768 42.457,147.787 42.453,149.494C42.448,151.338 42.536,151.839 42.536,153.045C42.536,155.193 39.645,157.423 38.406,153.623C37.874,151.992 35.833,144.545 37.828,136.196C38.071,135.178 38.533,132.981 38.901,131.984C39.44,130.527 41.71,131.901 42.04,133.14Z"
    },
    {
        "path": "M45.344,81.189C45.082,81.284 45.591,82.676 46.583,86.558C47.574,90.44 47.993,93.626 48.4,95.478C48.565,96.229 49.143,95.731 49.143,94.817C49.143,91.348 47.2,83.329 46.83,81.85C46.583,80.859 46.252,80.859 45.344,81.189Z"
    },
    {
        "path": "M44.683,123.642C45.165,124.124 45.674,125.79 46.83,126.368C47.53,126.718 45.674,129.837 44.187,131.323C42.701,132.81 41.049,130.993 42.123,129.754C43.196,128.515 43.692,125.294 43.692,124.22C43.692,123.147 44.201,123.16 44.683,123.642Z"
    },
    {
        "path": "M40.718,178.732C40.48,178.315 40.223,177.988 40.636,176.089C41.049,174.189 41.134,172.648 40.966,170.72C40.636,166.921 40.223,165.352 39.48,158.744C39.414,158.166 39.372,156.986 40.223,156.845C41.71,156.597 42.536,156.184 43.114,155.028C43.302,154.651 43.347,153.615 44.187,154.119C44.6,154.367 45.261,154.52 45.591,154.615C46.17,154.78 46.417,154.945 46.087,155.853C45.757,156.762 44.022,158.662 43.609,160.561C43.233,162.29 43.196,166.838 43.114,169.647C43.031,172.455 43.031,177.741 42.866,178.732C42.701,179.723 41.049,179.31 40.718,178.732Z"
    },
    {
        "path": "M40.966,105.059C40.801,107.041 41.131,113.813 42.288,118.769C42.605,120.129 43.692,125.211 41.379,129.671C40.731,130.921 39.689,130.21 39.893,129.671C41.792,124.633 40.222,121.74 39.645,119.43C38.984,116.787 38.161,116.306 38.488,111.831C38.736,108.445 38.984,105.389 40.14,103.489C40.616,102.707 41.131,103.076 40.966,105.059Z"
    },
    {
        "path": "M37.167,116.539C36.589,116.952 36.258,117.613 36.258,118.604C36.258,119.595 37.015,127.336 37.345,128.74C37.475,129.294 37.663,129.749 37.91,130.084C38.501,130.887 38.853,129.995 38.943,129.788C39.769,127.891 40.058,126.172 39.81,124.633C39.572,123.156 38.406,118.604 38.158,117.365C37.91,116.126 37.414,116.362 37.167,116.539Z"
    },
    {
        "path": "M44.931,159.157C44.435,159.983 44.249,161.272 44.187,161.965C43.692,167.582 43.774,170.803 43.774,173.941C43.774,177.08 43.609,177.41 43.527,178.484C43.523,178.526 43.392,179.287 43.114,179.806C42.95,180.111 41.746,180.281 41.049,179.971C40.306,179.64 40.549,180.489 40.636,180.797C40.916,181.792 41.71,183.109 42.123,183.44C42.781,183.967 44.517,183.903 44.848,183.77C45.674,183.44 47.656,181.044 47.243,180.797C46.83,180.549 46.497,180.814 45.757,180.631C45.353,180.532 45.096,180.053 45.096,179.723C45.096,178.732 44.683,164.608 45.096,162.626C45.509,160.644 46.004,159.157 45.757,158.827C45.695,158.744 45.341,158.473 44.931,159.157Z"
    },
    {
        "path": "M32.211,21.805L33.037,21.805C33.402,21.805 33.698,22.1 33.698,22.465L33.698,27.256C33.698,27.849 33.217,28.329 32.624,28.329C32.031,28.329 31.551,27.849 31.551,27.256L31.551,22.465C31.551,22.1 31.846,21.805 32.211,21.805Z"
    }
]